43 0.398333 0.641582 0.103333 0.079082
44 0.526667 0.642857 0.106667 0.081633
2 0.660833 0.641582 0.111667 0.089286
6 0.788333 0.641582 0.110000 0.099490
28 0.910000 0.636480 0.103333 0.084184
36 0.396667 0.741071 0.086667 0.084184
10 0.520833 0.741071 0.111667 0.073980
37 0.655833 0.743622 0.118333 0.084184
46 0.908333 0.743622 0.106667 0.058673
39 0.399167 0.844388 0.078333 0.076531
11 0.523333 0.843112 0.120000 0.053571
13 0.781667 0.843112 0.090000 0.058673
23 0.400833 0.947704 0.098333 0.073980
4 0.655833 0.946429 0.111667 0.061224
17 0.781667 0.951531 0.096667 0.076531
31 0.912500 0.952806 0.111667 0.068878
