43 0.096838 0.169574 0.134387 0.110465
36 0.256423 0.163760 0.131423 0.083333
28 0.423913 0.165698 0.122530 0.075581
39 0.905632 0.175388 0.129447 0.125969
23 0.099308 0.338178 0.129447 0.091085
29 0.260375 0.341085 0.115613 0.093023
6 0.418972 0.337209 0.132411 0.100775
2 0.582016 0.348837 0.124506 0.065891
24 0.902668 0.343023 0.131423 0.077519
12 0.095356 0.512597 0.133399 0.098837
40 0.259387 0.516473 0.133399 0.091085
10 0.421443 0.525194 0.127470 0.089147
0 0.744565 0.501938 0.127470 0.054264
1 0.904150 0.500969 0.104743 0.075581
11 0.092391 0.693798 0.147233 0.069767
25 0.259387 0.695736 0.129447 0.089147
46 0.420949 0.690891 0.124506 0.094961
44 0.579051 0.693798 0.132411 0.093023
37 0.743577 0.691860 0.125494 0.096899
13 0.904150 0.691860 0.136364 0.096899
