43 0.104120 0.160160 0.172606 0.091393
44 0.304566 0.157498 0.174833 0.078971
6 0.513363 0.157498 0.149220 0.064774
2 0.703229 0.153061 0.177060 0.055901
28 0.906459 0.154392 0.187082 0.055013
36 0.110245 0.270186 0.193764 0.059450
1 0.308463 0.263975 0.089087 0.062999
46 0.502227 0.268855 0.158129 0.070985
10 0.708241 0.274623 0.180401 0.071872
31 0.905345 0.272848 0.111359 0.045253
11 0.106347 0.389530 0.177060 0.062112
37 0.300668 0.384206 0.158129 0.062112
21 0.501114 0.391304 0.138085 0.058563
24 0.701002 0.392635 0.174833 0.059450
19 0.900334 0.394854 0.199332 0.070985
13 0.108575 0.508429 0.150334 0.062112
20 0.304009 0.510648 0.153675 0.050577
23 0.505568 0.507986 0.142539 0.041704
30 0.702673 0.506655 0.158129 0.070985
0 0.909243 0.504437 0.150334 0.055901
15 0.109131 0.627773 0.091314 0.064774
39 0.304009 0.626886 0.113586 0.068323
29 0.500557 0.628217 0.172606 0.058563
27 0.707127 0.623336 0.120267 0.078971
