43 0.088462 0.119458 0.143077 0.145320
2 0.258462 0.137931 0.147692 0.078818
44 0.426923 0.136700 0.149231 0.081281
6 0.587692 0.131773 0.138462 0.091133
1 0.757692 0.118227 0.115385 0.108374
36 0.920769 0.136700 0.152308 0.100985
46 0.088462 0.311576 0.155385 0.096059
23 0.256923 0.302956 0.135385 0.093596
17 0.425385 0.315271 0.158462 0.152709
31 0.592308 0.314039 0.132308 0.105911
37 0.756154 0.312808 0.155385 0.098522
32 0.920000 0.310345 0.144615 0.088670
19 0.258462 0.502463 0.156923 0.118227
39 0.427692 0.506158 0.123077 0.110837
21 0.589231 0.517241 0.141538 0.103448
25 0.758462 0.519704 0.156923 0.108374
41 0.920769 0.705665 0.143077 0.091133
40 0.753846 0.717980 0.147692 0.091133
0 0.425385 0.709360 0.130769 0.068966
11 0.262308 0.714286 0.155385 0.093596
30 0.087692 0.717980 0.166154 0.130542
13 0.092308 0.887931 0.141538 0.096059
28 0.254615 0.890394 0.136923 0.071429
3 0.428462 0.897783 0.161538 0.096059
16 0.595385 0.901478 0.132308 0.093596
24 0.752308 0.896552 0.147692 0.083744
12 0.920000 0.899015 0.116923 0.123153
