3 0.279172 0.740793 0.116688 0.093484
20 0.156211 0.780453 0.056462 0.025496
29 0.526349 0.634561 0.104141 0.079320
2 0.402133 0.634561 0.104141 0.084986
12 0.285445 0.634561 0.104141 0.079320
25 0.158093 0.634561 0.112923 0.090652
1 0.158720 0.403683 0.084065 0.093484
31 0.158720 0.291785 0.099122 0.096317
39 0.286700 0.284703 0.084065 0.110482
36 0.410289 0.177054 0.105395 0.104816
10 0.285445 0.179887 0.091593 0.093484
11 0.526349 0.287535 0.124216 0.082153
13 0.287327 0.403683 0.112923 0.087819
46 0.281054 0.507082 0.105395 0.084986
28 0.414053 0.508499 0.077792 0.053824
