6 0.083434 0.138577 0.101572 0.063670
43 0.195889 0.138577 0.094317 0.067416
10 0.297461 0.137640 0.082225 0.069288
36 0.403869 0.137640 0.099154 0.061798
39 0.618501 0.146067 0.085852 0.063670
44 0.727328 0.141386 0.102781 0.065543
11 0.831923 0.144195 0.099154 0.059925
1 0.084039 0.274345 0.081016 0.069288
13 0.191052 0.283708 0.113664 0.069288
21 0.409915 0.273408 0.094317 0.063670
46 0.620314 0.270599 0.096735 0.065543
28 0.726723 0.260300 0.101572 0.071161
25 0.833736 0.279026 0.100363 0.056180
24 0.837969 0.405431 0.116082 0.073034
31 0.726119 0.410112 0.093108 0.078652
20 0.619105 0.420412 0.096735 0.061798
37 0.514510 0.418539 0.102781 0.054307
3 0.402056 0.416667 0.097944 0.050562
29 0.295647 0.417603 0.095526 0.056180
2 0.188634 0.418539 0.106409 0.046816
12 0.082830 0.416667 0.095526 0.046816
