2 0.111429 0.087900 0.157143 0.079909
44 0.388571 0.073059 0.157143 0.091324
6 0.559286 0.119863 0.135714 0.098174
36 0.764286 0.066210 0.202857 0.086758
32 0.877857 0.210046 0.155714 0.109589
1 0.692857 0.168950 0.108571 0.100457
37 0.720714 0.297945 0.155714 0.102740
43 0.240714 0.181507 0.141429 0.111872
46 0.087143 0.253425 0.145714 0.077626
13 0.443571 0.234018 0.201429 0.111872
31 0.570714 0.348174 0.130000 0.084475
18 0.342857 0.351598 0.148571 0.095890
20 0.186429 0.367580 0.147143 0.077626
28 0.086429 0.468037 0.150000 0.086758
23 0.095000 0.602740 0.152857 0.100457
19 0.265714 0.528539 0.157143 0.107306
30 0.138571 0.747717 0.160000 0.107306
11 0.347143 0.631279 0.157143 0.066210
0 0.428571 0.721461 0.137143 0.077626
21 0.517857 0.550228 0.144286 0.109589
25 0.698571 0.472603 0.171429 0.127854
40 0.766429 0.610731 0.155714 0.084475
41 0.796429 0.715753 0.158571 0.079909
16 0.580000 0.783105 0.148571 0.091324
17 0.254286 0.878995 0.168571 0.159817
3 0.457143 0.891553 0.168571 0.102740
24 0.744286 0.881279 0.145714 0.095890
12 0.890714 0.815068 0.115714 0.118721
39 0.409286 0.438356 0.132857 0.095890
42 0.604286 0.684932 0.145714 0.068493
