6 0.110843 0.374680 0.072289 0.058824
43 0.188554 0.373402 0.066265 0.061381
10 0.259639 0.372123 0.051807 0.063939
36 0.329518 0.370844 0.063855 0.066496
39 0.471687 0.374680 0.056627 0.069054
44 0.115663 0.493606 0.074699 0.061381
11 0.190361 0.494885 0.062651 0.063939
1 0.257831 0.494885 0.045783 0.058824
13 0.329518 0.496164 0.061446 0.061381
21 0.471084 0.500000 0.065060 0.048593
46 0.187349 0.612532 0.068675 0.053708
28 0.259639 0.620205 0.061446 0.048593
25 0.330723 0.625320 0.063855 0.053708
12 0.403614 0.625320 0.065060 0.053708
2 0.473494 0.624041 0.067470 0.061381
29 0.119277 0.740409 0.069880 0.069054
3 0.187952 0.745524 0.060241 0.048593
37 0.259036 0.746803 0.060241 0.046036
20 0.330120 0.744246 0.062651 0.051151
31 0.401205 0.741688 0.062651 0.071611
24 0.475904 0.737852 0.072289 0.084399
