27 0.168398 0.081667 0.301187 0.096667
10 0.497033 0.077917 0.290801 0.085833
36 0.821958 0.075833 0.302671 0.101667
11 0.169139 0.199167 0.264095 0.105000
44 0.503709 0.195833 0.292285 0.068333
28 0.833086 0.194167 0.286350 0.071667
6 0.181751 0.312083 0.354599 0.082500
13 0.502226 0.318750 0.271513 0.070833
39 0.812315 0.323333 0.298220 0.105000
37 0.182493 0.440000 0.275964 0.078333
31 0.497774 0.436667 0.280415 0.091667
40 0.171365 0.545417 0.280415 0.085833
0 0.503709 0.671250 0.292285 0.064167
46 0.177300 0.675833 0.280415 0.081667
24 0.828635 0.672917 0.265579 0.059167
30 0.824926 0.798750 0.255193 0.105833
3 0.505193 0.792917 0.274481 0.069167
32 0.177300 0.786667 0.310089 0.076667
2 0.500000 0.917917 0.264095 0.112500
