6 0.137026 0.149660 0.192420 0.163265
2 0.386297 0.149660 0.253644 0.190476
1 0.877551 0.370748 0.139942 0.142857
18 0.874636 0.136054 0.163265 0.204082
13 0.666181 0.367347 0.247813 0.190476
46 0.389213 0.374150 0.236152 0.204082
10 0.125364 0.411565 0.174927 0.210884
44 0.141399 0.612245 0.241983 0.176871
28 0.405248 0.642857 0.215743 0.142857
31 0.645773 0.632653 0.189504 0.190476
43 0.667638 0.860544 0.227405 0.197279
37 0.402332 0.874150 0.239067 0.197279
39 0.123907 0.819728 0.154519 0.142857
