6 0.073666 0.511130 0.093141 0.101027
43 0.194750 0.501712 0.091448 0.099315
44 0.312870 0.508562 0.099069 0.089041
2 0.437341 0.506849 0.102456 0.085616
37 0.560119 0.507705 0.075360 0.101027
46 0.682049 0.498288 0.093988 0.058219
36 0.801016 0.510274 0.089754 0.095890
29 0.914903 0.512842 0.088908 0.094178
28 0.089331 0.633562 0.073666 0.047945
11 0.195174 0.648973 0.104149 0.068493
1 0.315834 0.641267 0.088061 0.114726
24 0.439881 0.650685 0.110923 0.065068
23 0.555885 0.645548 0.085521 0.092466
21 0.677815 0.643836 0.116003 0.082192
20 0.795089 0.671233 0.049111 0.020548
15 0.080440 0.775685 0.088061 0.099315
13 0.195597 0.772260 0.089754 0.058219
10 0.319221 0.788527 0.091448 0.066781
