43 0.585335 0.222781 0.118837 0.046901
2 0.738306 0.217755 0.121365 0.033501
6 0.875474 0.214405 0.099874 0.056951
44 0.584703 0.303183 0.099874 0.036851
19 0.732617 0.314070 0.127686 0.061977
46 0.888748 0.298995 0.108723 0.051926
30 0.587863 0.396147 0.113780 0.058626
0 0.738306 0.391960 0.116308 0.030151
15 0.889381 0.391122 0.074589 0.058626
21 0.584703 0.488275 0.104930 0.055276
31 0.734513 0.482412 0.106195 0.056951
39 0.891277 0.478224 0.111252 0.061977
37 0.601770 0.564489 0.068268 0.033501
42 0.735777 0.573702 0.108723 0.061977
3 0.884956 0.660804 0.118837 0.051926
20 0.735777 0.651591 0.128951 0.040201
11 0.579014 0.653266 0.123894 0.053601
18 0.589760 0.750419 0.079646 0.067002
23 0.735145 0.751256 0.094817 0.051926
