28 0.094792 0.075251 0.177083 0.063545
18 0.360417 0.060201 0.091667 0.080268
3 0.631250 0.073579 0.179167 0.066890
1 0.894792 0.075251 0.102083 0.070234
39 0.095833 0.245819 0.112500 0.096990
19 0.358333 0.240803 0.179167 0.086957
20 0.630208 0.247492 0.160417 0.046823
37 0.894792 0.245819 0.160417 0.063545
36 0.092708 0.421405 0.127083 0.093645
31 0.362500 0.414716 0.166667 0.080268
47 0.634375 0.419732 0.156250 0.103679
13 0.895833 0.419732 0.162500 0.083612
41 0.096875 0.585284 0.172917 0.053512
10 0.357292 0.590301 0.181250 0.070234
11 0.630208 0.581940 0.181250 0.060201
16 0.893750 0.590301 0.166667 0.090301
43 0.097917 0.767559 0.141667 0.083612
12 0.358333 0.762542 0.183333 0.060201
25 0.633333 0.769231 0.175000 0.086957
6 0.893750 0.767559 0.120833 0.070234
24 0.105208 0.936455 0.181250 0.066890
40 0.360417 0.928094 0.179167 0.050167
46 0.639583 0.928094 0.150000 0.063545
17 0.906250 0.924749 0.175000 0.137124
