18 0.380051 0.570516 0.125421 0.041174
39 0.377104 0.272835 0.114478 0.056318
23 0.627104 0.273545 0.114478 0.054898
2 0.879630 0.423332 0.114478 0.058211
47 0.629630 0.424042 0.102694 0.019877
46 0.871212 0.570752 0.119529 0.047326
1 0.624158 0.722433 0.113636 0.033602
36 0.879630 0.723379 0.102694 0.038334
43 0.882155 0.874349 0.136364 0.056318
11 0.375842 0.872220 0.117003 0.057738
31 0.625421 0.871273 0.111111 0.059631
44 0.126263 0.574539 0.127946 0.064363
30 0.125842 0.424042 0.117003 0.059631
