10 0.276662 0.178470 0.086575 0.090652
36 0.404642 0.181303 0.089084 0.084986
18 0.527604 0.178470 0.061481 0.073654
31 0.159975 0.294618 0.091593 0.062323
39 0.286073 0.294618 0.075282 0.079320
44 0.404642 0.298867 0.101631 0.059490
11 0.526349 0.294618 0.101631 0.056657
1 0.159348 0.409348 0.060226 0.070822
13 0.282309 0.409348 0.095358 0.059490
19 0.407152 0.407932 0.096612 0.073654
46 0.281681 0.512748 0.094103 0.050992
28 0.413425 0.518414 0.079046 0.033994
12 0.281681 0.637394 0.101631 0.050992
2 0.402760 0.631728 0.095358 0.056657
25 0.158720 0.633144 0.101631 0.065156
29 0.525721 0.635977 0.100376 0.082153
3 0.281054 0.745042 0.097867 0.056657
