18 0.515079 0.444156 0.084127 0.067532
10 0.203175 0.594805 0.088889 0.072727
31 0.201587 0.736364 0.088889 0.106494
37 0.364286 0.738961 0.071429 0.054545
3 0.516667 0.736364 0.080952 0.075325
40 0.670635 0.736364 0.080952 0.096104
11 0.826190 0.737662 0.087302 0.051948
21 0.208730 0.863636 0.071429 0.059740
25 0.203968 0.309091 0.090476 0.057143
39 0.357143 0.442857 0.076190 0.049351
43 0.203968 0.425974 0.077778 0.051948
13 0.516667 0.587013 0.087302 0.083117
46 0.676984 0.597403 0.090476 0.051948
19 0.673810 0.459740 0.077778 0.051948
36 0.826190 0.455844 0.087302 0.101299
24 0.826984 0.306494 0.092063 0.046753
6 0.515873 0.311688 0.082540 0.051948
0 0.361905 0.307792 0.085714 0.038961
44 0.673016 0.306494 0.079365 0.041558
2 0.203968 0.167532 0.090476 0.038961
29 0.362698 0.168831 0.068254 0.109091
28 0.527778 0.163636 0.065079 0.031169
12 0.674603 0.167532 0.088889 0.090909
20 0.829365 0.163636 0.096825 0.067532
