18 0.184385 0.777487 0.083056 0.068063
10 0.186047 0.643979 0.096346 0.073298
11 0.185216 0.896597 0.104651 0.054974
1 0.426080 0.778796 0.094684 0.070681
46 0.426080 0.888743 0.094684 0.044503
44 0.182724 0.524869 0.099668 0.049738
6 0.427741 0.518325 0.078073 0.041885
28 0.426080 0.407068 0.104651 0.039267
19 0.426080 0.649215 0.081395 0.052356
36 0.668605 0.536649 0.081395 0.062827
2 0.667774 0.888743 0.079734 0.081152
13 0.911960 0.405759 0.106312 0.047120
37 0.908638 0.637435 0.096346 0.049738
21 0.913621 0.772251 0.099668 0.062827
