19 0.520769 0.071605 0.176923 0.079012
11 0.337692 0.069136 0.164615 0.074074
36 0.149231 0.266667 0.156923 0.133333
41 0.331538 0.262963 0.167692 0.086420
43 0.145385 0.062963 0.155385 0.101235
39 0.716154 0.062963 0.140000 0.106173
1 0.905385 0.081481 0.118462 0.074074
10 0.896154 0.277778 0.143077 0.116049
37 0.712308 0.482716 0.141538 0.076543
40 0.709231 0.671605 0.144615 0.064198
40 0.900769 0.679012 0.149231 0.059259
32 0.708462 0.883951 0.149231 0.059259
49 0.518462 0.874074 0.116923 0.118519
12 0.147692 0.877778 0.089231 0.101235
20 0.896923 0.885185 0.089231 0.140741
16 0.149231 0.688889 0.172308 0.088889
21 0.337692 0.690123 0.146154 0.071605
46 0.521538 0.479012 0.147692 0.069136
13 0.340000 0.461728 0.150769 0.064198
30 0.150000 0.483951 0.078462 0.138272
