43 0.116327 0.123000 0.144898 0.110000
6 0.284694 0.144000 0.132653 0.096000
44 0.478061 0.122000 0.225510 0.116000
46 0.690816 0.120000 0.155102 0.076000
18 0.857653 0.108000 0.111224 0.120000
2 0.131122 0.317000 0.190816 0.078000
28 0.410714 0.326000 0.186735 0.064000
37 0.612755 0.322000 0.156122 0.084000
11 0.813265 0.323000 0.210204 0.090000
19 0.134694 0.505000 0.163265 0.106000
32 0.386224 0.501000 0.192857 0.098000
31 0.600510 0.498000 0.147959 0.084000
13 0.813265 0.495000 0.148980 0.086000
0 0.141327 0.654000 0.211224 0.064000
40 0.346429 0.660000 0.068367 0.128000
3 0.518367 0.660000 0.124490 0.084000
20 0.706122 0.658000 0.077551 0.136000
27 0.886735 0.645000 0.161224 0.110000
21 0.374490 0.844000 0.110204 0.064000
24 0.614286 0.836000 0.191837 0.084000
