6 0.135000 0.156667 0.167143 0.113333
2 0.387143 0.165000 0.228571 0.123333
19 0.657857 0.168333 0.212857 0.163333
18 0.869286 0.143333 0.118571 0.146667
10 0.127857 0.401667 0.158571 0.163333
46 0.390000 0.388333 0.225714 0.143333
13 0.673571 0.388333 0.232857 0.176667
1 0.873571 0.380000 0.110000 0.113333
44 0.142143 0.603333 0.235714 0.160000
28 0.398571 0.641667 0.202857 0.083333
31 0.651429 0.633333 0.157143 0.120000
40 0.875714 0.595000 0.100000 0.183333
39 0.113571 0.825000 0.121429 0.136667
37 0.406429 0.875000 0.207143 0.110000
43 0.665000 0.845000 0.195714 0.156667
