27 0.169881 0.071667 0.280415 0.086667
10 0.499258 0.077917 0.259644 0.070833
36 0.835312 0.080000 0.272997 0.070000
11 0.175816 0.196667 0.253709 0.085000
44 0.501484 0.196250 0.267062 0.040833
28 0.858309 0.195417 0.206231 0.020833
6 0.177300 0.320833 0.256677 0.051667
13 0.498516 0.321667 0.267062 0.053333
39 0.823442 0.317083 0.264095 0.074167
37 0.174332 0.439167 0.271513 0.040000
31 0.502226 0.440000 0.265579 0.041667
19 0.830119 0.436667 0.256677 0.050000
40 0.173591 0.554583 0.264095 0.024167
20 0.500742 0.547500 0.072700 0.038333
18 0.831602 0.548750 0.253709 0.074167
46 0.169139 0.678750 0.272997 0.045833
0 0.502226 0.674167 0.268546 0.040000
24 0.827151 0.677917 0.262611 0.037500
32 0.174332 0.800000 0.250742 0.036667
3 0.497774 0.795417 0.250742 0.039167
30 0.820475 0.786250 0.172107 0.072500
2 0.499258 0.917500 0.253709 0.098333
