2 0.136979 0.286164 0.123958 0.027853
43 0.128646 0.246181 0.119792 0.037736
6 0.114062 0.333333 0.078125 0.030548
28 0.135417 0.371968 0.116667 0.021563
11 0.134375 0.419137 0.129167 0.024259
3 0.138021 0.455975 0.128125 0.035040
39 0.101042 0.502246 0.054167 0.030548
44 0.134896 0.539982 0.119792 0.028751
18 0.103646 0.582659 0.055208 0.026056
37 0.121875 0.628482 0.089583 0.018868
0 0.135937 0.673405 0.119792 0.018868
20 0.130208 0.715184 0.106250 0.023360
32 0.132812 0.756514 0.111458 0.019766
30 0.117708 0.799191 0.081250 0.022462
21 0.120313 0.841420 0.086458 0.024259
23 0.110417 0.885445 0.070833 0.018868
42 0.132812 0.928122 0.113542 0.032345
