41 0.321532 0.617940 0.059166 0.086379
1 0.373909 0.638704 0.032978 0.054817
39 0.418283 0.620432 0.040252 0.068106
33 0.466052 0.624585 0.037827 0.066445
31 0.517944 0.627907 0.037827 0.036545
11 0.567410 0.619601 0.033948 0.066445
23 0.619544 0.629568 0.042192 0.046512
21 0.677983 0.626246 0.047527 0.053156
13 0.741513 0.619601 0.052376 0.046512
18 0.790737 0.621262 0.024733 0.046512
0 0.748060 0.718439 0.061591 0.034884
10 0.668041 0.709302 0.063531 0.053156
28 0.595053 0.709302 0.047527 0.029900
47 0.522551 0.710133 0.030553 0.038206
6 0.470660 0.713455 0.038312 0.041528
44 0.408826 0.710133 0.052376 0.048173
2 0.333414 0.719269 0.062561 0.036545
32 0.514064 0.794850 0.064016 0.048173
16 0.587051 0.793189 0.042192 0.044850
42 0.827837 0.718439 0.057226 0.048173
29 0.899127 0.715116 0.058196 0.031561
27 0.957565 0.709302 0.036372 0.063123
24 0.658341 0.797342 0.066440 0.049834
12 0.736421 0.795681 0.056741 0.043189
25 0.806984 0.781561 0.057226 0.048173
