43 0.137570 0.475722 0.083669 0.051181
10 0.247385 0.473753 0.089300 0.039370
36 0.353580 0.475722 0.076428 0.064304
18 0.463395 0.468504 0.057924 0.055118
39 0.573210 0.473753 0.071601 0.055118
44 0.138777 0.562992 0.092518 0.044619
11 0.247385 0.565617 0.090909 0.039370
1 0.354385 0.564304 0.045857 0.055118
13 0.465406 0.559055 0.086082 0.039370
19 0.572003 0.568898 0.083669 0.051181
21 0.138375 0.653543 0.086887 0.041995
40 0.247385 0.653543 0.089300 0.034121
46 0.356396 0.651575 0.090105 0.040682
28 0.464200 0.654856 0.091714 0.031496
12 0.572003 0.650919 0.091714 0.036745
2 0.138777 0.744751 0.090909 0.030184
6 0.246179 0.744094 0.093323 0.049869
24 0.355591 0.744751 0.090105 0.035433
25 0.463395 0.744094 0.090105 0.047244
31 0.573210 0.745407 0.092518 0.044619
32 0.138777 0.834646 0.090909 0.034121
37 0.247788 0.832677 0.090105 0.038058
3 0.353178 0.829396 0.093323 0.041995
23 0.464200 0.833990 0.086887 0.045932
0 0.137973 0.915354 0.082864 0.030184
29 0.246179 0.919948 0.091714 0.044619
20 0.355591 0.922572 0.075623 0.060367
