43 0.12682038834951456 0.34210526315789475 0.13470873786407767 0.0645933014354067
2 0.37499999999999994 0.3373205741626794 0.15776699029126212 0.04784688995215311
6 0.870752427184466 0.33911483253588515 0.14441747572815533 0.04425837320574162
28 0.12924757281553398 0.4497607655502392 0.154126213592233 0.03349282296650718
10 0.3713592233009708 0.45215311004784686 0.16504854368932037 0.05263157894736842
36 0.6171116504854368 0.4491626794258373 0.154126213592233 0.061004784688995214
46 0.8689320388349514 0.4527511961722488 0.1383495145631068 0.05143540669856459
11 0.1328883495145631 0.5598086124401913 0.15898058252427183 0.06220095693779904
13 0.37378640776699024 0.5610047846889952 0.14563106796116504 0.05980861244019139
37 0.8695388349514562 0.5538277511961722 0.14199029126213591 0.045454545454545456
24 0.1304611650485437 0.6680622009569378 0.1565533980582524 0.04904306220095694
21 0.37378640776699024 0.6668660287081339 0.14320388349514562 0.05143540669856459
20 0.6268203883495145 0.6722488038277512 0.16140776699029125 0.04784688995215311
1 0.8677184466019416 0.6728468899521531 0.1116504854368932 0.05143540669856459
23 0.13106796116504854 0.7757177033492823 0.13106796116504854 0.05143540669856459
30 0.37803398058252424 0.7769138755980861 0.13470873786407767 0.053827751196172245
15 0.6152912621359222 0.7787081339712918 0.1262135922330097 0.06698564593301436
0 0.8634708737864077 0.7745215311004784 0.12499999999999999 0.04425837320574162
31 0.13228155339805825 0.8827751196172249 0.14805825242718446 0.05502392344497607
27 0.3701456310679611 0.8863636363636364 0.1383495145631068 0.06698564593301436
44 0.6237864077669902 0.3409090909090909 0.14320388349514562 0.057416267942583726
