0 0.196667 0.135303 0.203333 0.071540
1 0.413333 0.124417 0.140000 0.083981
2 0.620000 0.130638 0.170000 0.108865
3 0.836667 0.137636 0.203333 0.082426
6 0.196667 0.264386 0.196667 0.083981
11 0.410000 0.269829 0.200000 0.069984
13 0.616667 0.265163 0.200000 0.076205
18 0.844167 0.258942 0.225000 0.107309
19 0.194167 0.395801 0.208333 0.101089
23 0.421667 0.399689 0.190000 0.102644
24 0.629167 0.394246 0.168333 0.132193
27 0.836667 0.399689 0.183333 0.102644
28 0.201667 0.527216 0.200000 0.074650
29 0.409167 0.540435 0.168333 0.116641
30 0.615000 0.537325 0.203333 0.076205
31 0.845833 0.537325 0.221667 0.091757
33 0.185833 0.663297 0.238333 0.079316
36 0.415833 0.675739 0.198333 0.094868
37 0.619167 0.675739 0.195000 0.097978
42 0.845000 0.671073 0.220000 0.101089
43 0.190000 0.797823 0.220000 0.093313
44 0.415833 0.804044 0.198333 0.102644
46 0.625833 0.802488 0.195000 0.093313
