16 0.900184 0.341402 0.080037 0.041736
40 0.739190 0.734558 0.107636 0.033389
31 0.095216 0.738731 0.078197 0.038397
37 0.418583 0.740401 0.084637 0.038397
27 0.576817 0.602671 0.084637 0.073456
25 0.416743 0.608514 0.103036 0.051753
19 0.253450 0.474124 0.102116 0.050083
17 0.093836 0.469950 0.097516 0.081803
23 0.092456 0.603506 0.078197 0.038397
20 0.738730 0.474124 0.112236 0.033389
39 0.577277 0.729549 0.061638 0.046745
30 0.899724 0.606010 0.042318 0.090150
15 0.577737 0.330551 0.064397 0.063439
12 0.253910 0.344741 0.103036 0.045075
4 0.576817 0.210351 0.132475 0.040067
