47 0.923047 0.569140 0.080469 0.062395
25 0.071875 0.737774 0.104688 0.069140
15 0.075000 0.896290 0.089063 0.106239
20 0.216406 0.725970 0.028125 0.059022
0 0.640234 0.734401 0.105469 0.042159
30 0.921484 0.741147 0.085156 0.059022
30 0.892578 0.741990 0.027344 0.060708
28 0.217578 0.579258 0.113281 0.042159
21 0.070703 0.564924 0.088281 0.057336
4 0.075781 0.412310 0.110937 0.045531
17 0.357422 0.390388 0.086719 0.096121
18 0.784375 0.075885 0.079687 0.087690
29 0.357031 0.735245 0.081250 0.111298
26 0.496875 0.737774 0.109375 0.102867
27 0.790625 0.575042 0.098437 0.101180
24 0.501563 0.575885 0.121875 0.062395
40 0.214062 0.258853 0.117188 0.052277
13 0.927344 0.081788 0.117188 0.065767
1 0.783203 0.409781 0.083594 0.074199
16 0.641797 0.411467 0.096094 0.070826
