6 0.131195 0.159864 0.174927 0.210884
2 0.397959 0.166667 0.271137 0.156463
1 0.870262 0.357143 0.142857 0.156463
13 0.673469 0.360544 0.233236 0.204082
46 0.397959 0.360544 0.236152 0.190476
10 0.126822 0.404762 0.154519 0.183673
28 0.397959 0.639456 0.206997 0.149660
31 0.650146 0.608844 0.169096 0.170068
43 0.657434 0.850340 0.212828 0.176871
40 0.873178 0.598639 0.125364 0.231293
39 0.115160 0.826531 0.131195 0.156463
44 0.141399 0.608844 0.236152 0.183673
37 0.402332 0.853741 0.227405 0.197279
