43 0.145385 0.066667 0.170769 0.128395
11 0.334615 0.067901 0.173846 0.086420
19 0.526923 0.080247 0.173846 0.111111
39 0.717692 0.082716 0.146154 0.150617
1 0.904615 0.079012 0.135385 0.108642
36 0.149231 0.266667 0.163077 0.148148
41 0.331538 0.274074 0.173846 0.088889
23 0.523077 0.277778 0.166154 0.120988
15 0.712308 0.280247 0.169231 0.116049
10 0.896923 0.270370 0.141538 0.125926
30 0.140000 0.471605 0.116923 0.148148
13 0.340769 0.471605 0.158462 0.113580
46 0.513077 0.472840 0.158462 0.091358
37 0.713846 0.472840 0.144615 0.096296
16 0.149231 0.685185 0.187692 0.120988
21 0.334615 0.680247 0.158462 0.120988
4 0.528462 0.669136 0.152308 0.088889
40 0.710769 0.672840 0.160000 0.076543
24 0.895385 0.676543 0.153846 0.074074
12 0.144615 0.876543 0.116923 0.108642
32 0.713077 0.881481 0.152308 0.079012
20 0.897692 0.923457 0.084615 0.039506
